t # 0 20 title
v 1 ASN
v 2 LEU
v 3 TYR
v 4 ILE
v 5 GLN
v 6 TRP
v 7 LEU
v 8 LYS
v 9 ASP
v 10 GLY
v 11 GLY
v 12 PRO
v 13 SER
v 14 SER
v 15 GLY
v 16 ARG
v 17 PRO
v 18 PRO
v 19 PRO
v 20 SER
e 1 2 1 1
e 1 3 3 2
e 1 4 2 3
e 1 5 3 4
e 2 3 1 5
e 2 4 2 6
e 2 5 2 7
e 2 6 3 8
e 2 19 3 9
e 3 4 1 10
e 3 5 2 11
e 3 6 2 12
e 3 7 3 13
e 3 19 3 14
e 4 5 1 15
e 4 6 2 16
e 4 7 2 17
e 4 8 3 18
e 5 6 1 19
e 5 7 3 20
e 5 8 2 21
e 5 9 3 22
e 6 7 1 23
e 6 8 3 24
e 6 9 3 25
e 6 11 3 26
e 6 18 3 27
e 7 8 1 28
e 7 9 2 29
e 7 10 2 30
e 7 11 2 31
e 8 9 1 32
e 8 10 2 33
e 8 11 3 34
e 9 10 1 35
e 9 11 3 36
e 9 14 3 37
e 10 11 1 38
e 10 12 3 39
e 10 13 2 40
e 10 14 2 41
e 11 12 1 42
e 11 13 2 43
e 11 14 3 44
e 12 13 1 45
e 12 14 3 46
e 12 15 3 47
e 12 16 3 48
e 12 17 3 49
e 13 14 1 50
e 13 15 3 51
e 14 15 1 52
e 14 16 3 53
e 15 16 1 54
e 16 17 1 55
e 16 18 3 56
e 17 18 1 57
e 17 19 3 58
e 18 19 1 59
e 18 20 3 60
e 19 20 1 61
